export.csv 1000 3000 1 2000 0 1 2 1 1 1
export.csv 1000 3000 1 2000 0 1 2 -1 1 1
export.csv 1000 3000 1 2000 0 1 2 1 -1 1
export.csv 1000 3000 1 2000 0 1 2 -1 -1 1
export.csv 1000 3000 1 2000 0 1 2 1 1 -1
export.csv 1000 3000 1 2000 0 1 2 -1 1 -1
export.csv 1000 3000 1 2000 0 1 2 1 -1 -1
export.csv 1000 3000 1 2000 0 1 2 -1 -1 -1
export.csv 1000 3000 1 2000 0 2 1 1 1 1
export.csv 1000 3000 1 2000 0 2 1 -1 1 1
export.csv 1000 3000 1 2000 0 2 1 1 -1 1
export.csv 1000 3000 1 2000 0 2 1 -1 -1 1
export.csv 1000 3000 1 2000 0 2 1 1 1 -1
export.csv 1000 3000 1 2000 0 2 1 -1 1 -1
export.csv 1000 3000 1 2000 0 2 1 1 -1 -1
export.csv 1000 3000 1 2000 0 2 1 -1 -1 -1
export.csv 1000 3000 1 2000 1 0 2 1 1 1
export.csv 1000 3000 1 2000 1 0 2 -1 1 1
export.csv 1000 3000 1 2000 1 0 2 1 -1 1
export.csv 1000 3000 1 2000 1 0 2 -1 -1 1
export.csv 1000 3000 1 2000 1 0 2 1 1 -1
export.csv 1000 3000 1 2000 1 0 2 -1 1 -1
export.csv 1000 3000 1 2000 1 0 2 1 -1 -1
export.csv 1000 3000 1 2000 1 0 2 -1 -1 -1
export.csv 1000 3000 1 2000 1 2 0 1 1 1
export.csv 1000 3000 1 2000 1 2 0 -1 1 1
export.csv 1000 3000 1 2000 1 2 0 1 -1 1
export.csv 1000 3000 1 2000 1 2 0 -1 -1 1
export.csv 1000 3000 1 2000 1 2 0 1 1 -1
export.csv 1000 3000 1 2000 1 2 0 -1 1 -1
export.csv 1000 3000 1 2000 1 2 0 1 -1 -1
export.csv 1000 3000 1 2000 1 2 0 -1 -1 -1
export.csv 1000 3000 1 2000 2 0 1 1 1 1
export.csv 1000 3000 1 2000 2 0 1 -1 1 1
export.csv 1000 3000 1 2000 2 0 1 1 -1 1
export.csv 1000 3000 1 2000 2 0 1 -1 -1 1
export.csv 1000 3000 1 2000 2 0 1 1 1 -1
export.csv 1000 3000 1 2000 2 0 1 -1 1 -1
export.csv 1000 3000 1 2000 2 0 1 1 -1 -1
export.csv 1000 3000 1 2000 2 0 1 -1 -1 -1
export.csv 1000 3000 1 2000 2 1 0 1 1 1
export.csv 1000 3000 1 2000 2 1 0 -1 1 1
export.csv 1000 3000 1 2000 2 1 0 1 -1 1
export.csv 1000 3000 1 2000 2 1 0 -1 -1 1
export.csv 1000 3000 1 2000 2 1 0 1 1 -1
export.csv 1000 3000 1 2000 2 1 0 -1 1 -1
export.csv 1000 3000 1 2000 2 1 0 1 -1 -1
export.csv 1000 3000 1 2000 2 1 0 -1 -1 -1
